time,x,y,z,phi,theta,psi,x_velocity,y_velocity,z_velocity,phi_velocity,theta_velocity,psi_velocity,rotor_speed1,rotor_speed2,rotor_speed3,rotor_speed4
0.06,-7.630824484572327e-08,7.880260316247849e-08,0.00585648592372111,8.03875850090563e-05,7.807862218101036e-05,0.0,-7.2150554126524485e-06,7.440308788731761e-06,0.19520232324012154,0.0038932831224031163,0.0037847728876593788,0.0,466.2153262380724,466.5108668488822,465.74373665702757,466.0480554578065
0.12000000000000001,-2.663732007955293e-06,3.224731446393616e-06,0.017856212566820528,0.0007755301133034465,6.283107667638328,0.0,-8.641370316207346e-05,0.000141473374761502,0.20478677935632955,0.023700943787491827,-0.020116835865783583,0.0,407.51759322644483,405.3758814022558,407.16621456134476,408.9340645424232
0.18,-1.313542173606943e-06,3.3851704720978735e-05,0.0338875035438228,0.001978883755677785,6.2816411024134275,0.0,0.0002707538827046889,0.001019427827020354,0.3295608962324819,0.011532554503741896,-0.03491921916272375,0.0,446.2577882012871,445.04796027900676,444.34601453663987,443.3474963490461
0.23999999999999996,5.524234919493848e-05,0.00014011640748544293,0.057137536618724276,0.0031340993586406185,6.2799805734101675,0.0,0.001807261411990953,0.002622460324026318,0.44540089075840605,0.031404093881186305,-0.016131537298641394,0.0,440.96884404325084,442.5175835162013,441.4995273583001,443.1357378432773
0.3,0.00024409696450768023,0.00038020996118454716,0.08994097361971565,0.0050893639317957096,6.278867157577569,0.0,0.004608942427811838,0.005605429126268525,0.6479524386125589,0.03485533489254195,-0.023911784248799493,0.0,469.1204830422562,468.51612726993176,468.1486098741538,468.4173762922856
0.36000000000000004,0.0006291787787743765,0.0008464026032691231,0.1348643359097923,0.007232359916175213,6.277541160948154,0.0,0.00838779523027347,0.010181426679958562,0.8493625526002463,0.037385410754799196,-0.018702735471903372,0.0,467.61740154769956,468.0229489299396,468.95627758025154,469.1532254711244
0.4200000000000001,0.001237358691392645,0.0015953743172996988,0.1862321097075727,0.009348837024510281,6.277102637323919,0.0,0.011948685608461856,0.014978986597924382,0.8628843799188949,0.03067927696326805,0.009057445897679536,0.0,408.05962020346936,410.52997654969454,409.6075146237178,409.011427350325
0.48000000000000015,0.0020839068477465725,0.0027044600411350586,0.2420311808220184,0.011410208091478857,6.277746795296704,0.0,0.016205151042327712,0.022199264481984865,0.9969751281383537,0.04084704078880873,0.013897761267520068,0.0,448.7108818723453,449.10347693979594,447.42218794698493,448.249597913193
0.5400000000000001,0.003190492553641709,0.004340233640185459,0.3097990519952997,0.013869380881278204,6.279220825641833,0.0,0.020526580627567445,0.03263375887337052,1.2616967862621244,0.041263042270436916,0.04015766627286126,0.0,485.92346891056195,487.8878392347862,487.8669621945721,487.89873843762865
0.6000000000000002,0.004503233056657517,0.006628896443628092,0.3908868169960555,0.016710966538049377,6.281534277691264,0.0,0.022961816972319953,0.04395682964005945,1.441016079417198,0.05738403149552331,0.035149045556715434,0.0,463.70423318987406,463.3113101844121,461.81268165346864,463.08361168683615
0.6600000000000003,0.005914265420293448,0.009725559197815694,0.48613804203928823,0.019640901942802103,0.00046753117344522366,0.0,0.023796191710953422,0.05968915950869953,1.7336205796168882,0.02023694258172837,0.03562796256345519,0.0,496.53325581883513,496.56878390426834,497.35094498909194,494.6240588916017
0.7200000000000003,0.007323248614000445,0.013740633359062488,0.5943331360149886,0.020709637290893923,0.0023375692014262484,0.0,0.022951960618094538,0.07426576044691512,1.872662003840616,0.012459087025898718,0.020286451935217747,0.0,452.5741728368491,451.33807744811196,452.49930414902315,451.87271699098096
0.7800000000000004,0.008651804073619632,0.018590121248805446,0.7079148400591924,0.02116285654488337,0.00309219235005731,0.0,0.021233863889154582,0.08744050039607033,1.913325548815661,-0.004715634784462623,-0.010997470484973626,0.0,423.2481141756052,420.54717200240026,421.2487733126787,419.7609968917716
0.8400000000000004,0.009861335548650468,0.024295630677397165,0.8267902360434403,0.021149842812857145,0.0021864913089117977,0.0,0.01916682576081014,0.10272341769320491,2.0489543841617053,0.007531300858837178,-0.024900462982428116,0.0,451.73339372502716,450.6110480112486,451.60890548956354,452.5956152683212
0.9000000000000005,0.010969067913866459,0.030924000134533815,0.953946857574265,0.022019260899540427,0.001074211922388102,0.0,0.017896320073514414,0.11829072840039882,2.189339330106895,0.025667085022606038,-0.00815161520036474,0.0,453.4638221068469,454.8072248437427,452.33527382430293,453.79323670284407
0.9600000000000005,0.012025266823671686,0.03842105816570124,1.0855532297153083,0.023973574839430967,0.000491949693095961,0.0,0.01735753778430726,0.13176742424142496,2.197519661712019,0.04367639576588713,-0.013006282010854736,0.0,412.3273373812329,411.8983595801719,410.3386115710681,411.93466418969774
1.0200000000000005,0.013061009901059434,0.04672945065793098,1.2162046108770106,0.026232542306313,6.282538657943546,0.0,0.017241996566615334,0.145382217913491,2.1575967947790473,0.02150131459749556,-0.03491644506594103,0.0,395.7169872479348,393.69490937205046,396.44478148965885,394.4028682279462
1.0800000000000005,0.014119482641048179,0.056067400918011184,1.351245823824515,0.02742045397244741,6.280531713376499,0.0,0.01827518007870151,0.166015039810983,2.3434094010666873,0.016155050569707147,-0.03066550010767652,0.0,467.85263946289007,468.1830959794758,467.759358745398,467.3428000148459
1.1400000000000006,0.015277280030125105,0.06659232835255603,1.4946257472009272,0.028724265766730817,6.278508579115567,0.0,0.020511521990556114,0.1849264106935743,2.4357237991900216,0.03103454058279047,-0.04065606902699734,0.0,440.19697133764544,439.3689942040479,439.33080416798356,440.5627788087535
1.2000000000000006,0.016619425935720817,0.07832151826248336,1.6448957767985903,0.03113664836280705,6.276343690415517,0.0,0.024471318645603438,0.20627172761305768,2.572968067516101,0.054109189178971714,-0.028222495349429562,0.0,454.2340665980716,455.2294556417437,452.9325529992232,454.7852215365558
1.2600000000000007,0.018233734170946012,0.0913444239957058,1.8020031231483327,0.034393091049155444,6.2743841898452,0.0,0.029519360142232907,0.2281450457228373,2.6637216540304776,0.05460160686882253,-0.04346375909686394,0.0,441.3975656303412,440.1375206075298,440.1628699839366,440.2056098694118
1.3200000000000007,0.0201954111062808,0.10575231614421371,1.964732407967868,0.0373383769160931,6.272215010791111,0.0,0.03610722898691062,0.25242814923724993,2.760342474405703,0.03479698328479856,-0.02452379850050015,0.0,442.3434654711132,443.8997292279408,443.3081128110554,441.67922790182575
1.3800000000000008,0.022598800415182505,0.12169234980446196,2.1337475389221687,0.03997513215218973,6.2705322259757885,0.0,0.044165337227358895,0.2791446583542464,2.8732031174061032,0.057821628943764275,-0.03623292602022314,0.0,449.2826652174374,448.33209355822953,447.0788856823802,448.95195064465923
1.4400000000000008,0.025544669023686618,0.1393632604716971,2.3112045214472827,0.04314565362508027,6.269017682631727,0.0,0.05422467854116696,0.31024180439315335,3.0415736319686033,0.04034052363596731,-0.009306078263899798,0.0,464.9929917712897,467.0974289200195,466.58278304453785,465.2176497191353
1.5000000000000009,0.029022573899051732,0.15866244175461092,2.491768894541904,0.04541835772944136,6.268765880383054,0.0,0.06173809553348355,0.3332528569859161,2.977396253897033,0.032434618860197155,0.00444635988695107,0.0,390.2816936328533,391.5632813192672,391.9124763245545,391.17782830287007
1.560000000000001,0.03303200736732055,0.17962874003600782,2.673977803901413,0.047803667073013756,6.2691907197548105,0.0,0.07186828180217322,0.3658373887296036,3.0959046365693244,0.05139670901770427,0.011887933389105737,0.0,450.9314894573659,451.5321272233492,450.8482213885215,452.3784427907651
1.620000000000001,0.03756655031870483,0.20235274939559286,2.8580991675093643,0.05067972627442252,6.269754078295961,0.0,0.07923395692694418,0.3918715541016305,3.0416046008347974,0.039913208417738065,0.0038541996751142726,0.0,395.39701360111104,394.65606037371,395.8051883625043,394.7485713481861
1.680000000000001,0.042609447957067705,0.2269650986528809,3.044482350403196,0.05310610108455194,6.269854942840238,0.0,0.08883960237664855,0.42877585900293863,3.170798115209077,0.04147180410964462,-0.0030644349570561227,0.0,454.99196412803036,454.4376826699085,455.5164292675601,455.6418542326125
1.740000000000001,0.04821442396079042,0.2537894248633589,3.237594929902732,0.055818890781827335,6.269657161495942,0.0,0.09800844503476701,0.46561532503629594,3.2659976607833223,0.051804120569472194,-0.003764308886400249,0.0,444.99572510965237,444.9384945110191,445.3775009202807,446.2229466834448
1.8000000000000012,0.05434183628243367,0.28274882804365337,3.4340660285644287,0.05904585291678366,6.269138609193359,0.0,0.1062689614707224,0.4999766191025481,3.2829651106156796,0.05747080155237686,-0.020824465138272904,0.0,421.24823797121627,419.77042885038816,420.794252087897,421.28661353832206
1.8600000000000012,0.061040494271242106,0.3140921535892878,3.63594360281341,0.06300901379410284,6.267506429034679,0.0,0.1171678020311914,0.5451853230519571,3.4457701215357237,0.07925490103563763,-0.044713067955897065,0.0,467.1605153790489,465.2937976830715,466.6808999912319,468.3810920415314
1.9200000000000013,0.06838336057640534,0.34803412110329535,3.84433646158962,0.06802739587004503,6.264769773194693,0.0,0.12785011695978493,0.5866657698829574,3.5004434931769954,0.09121256542124379,-0.047469387916212594,0.0,434.97541814352786,434.7432533375629,433.48346140398166,434.49301737989686
1.9800000000000013,0.07642429558503139,0.38457657351801783,4.056190437121908,0.07361878339966399,6.261614273160205,0.0,0.14046385732000535,0.6319306822143245,3.5611080591353454,0.09687432903557952,-0.06555833254097894,0.0,437.73587821417533,436.22594118312105,436.42860623014667,436.9084277308677
2.0400000000000014,0.08534937194748031,0.42415343194465616,4.274460420300423,0.07885816353100861,6.258054487516569,0.0,0.15743732448277858,0.6878827664244364,3.713993143549308,0.049676270419057644,-0.04912726476962881,0.0,464.93783542394,466.22105594576465,468.19689739178983,464.5152907594311
2.1000000000000014,0.0953734400213608,0.46720546937841256,4.502079209332355,0.08193241586881683,6.2546985450667805,0.0,0.17702755128558625,0.7474702421406649,3.872715693737374,0.05418926869097128,-0.07520037411534974,0.0,469.65378612073897,467.6248795936364,468.8812430199316,469.23326263497427
2.1600000000000015,0.10660275570335068,0.5137551289075437,4.73743852577212,0.08564529974963708,6.249796467767487,0.0,0.19774828791206375,0.8045055867777482,3.9721842388695396,0.07399188563735089,-0.09969061996694892,0.0,452.157351047017,450.174291241881,452.07629997165657,453.6718079375337
2.2200000000000015,0.11908626051623264,0.5635651122022618,4.975975103339148,0.09018947702124525,6.243439551851637,0.0,0.21890901265551813,0.8562113364760854,3.978931094465178,0.0790130361872554,-0.12296537059261518,0.0,424.00326822285643,421.98792406047437,423.1710426176289,423.60790130562765
2.2800000000000016,0.13300141037447166,0.616653864904526,5.215953951812414,0.09518677461018754,6.23595454940148,0.0,0.24561793078177493,0.9138433204037221,4.020115638279624,0.09069627958356544,-0.12857807956638306,0.0,434.65292238990315,434.1676781926813,434.528731993233,435.512888581009
2.3400000000000016,0.14866353105048669,0.6732977218361534,5.458415376032343,0.10057813798597781,6.228307766168413,0.0,0.27716378598969,0.9747620842524236,4.061661497478273,0.08812158474297113,-0.1252761590349114,0.0,434.8578884319716,435.1192029238856,435.89659513910783,435.68828544859207
2.4000000000000017,0.16622537133364504,0.7334482653351697,5.700921185143696,0.10608510907338342,6.220836907570163,0.0,0.30884919528956023,1.0306940597752168,4.02188909651182,0.0982462334135152,-0.12303403279725915,0.0,409.5181646135289,409.70204783858605,407.72091747118947,408.63242566754747
2.4600000000000017,0.18571387286677843,0.7968805616285827,5.939500687745992,0.11169730986703286,6.213292392586675,0.0,0.3413385367664754,1.084158533636462,3.9309593561209515,0.08189862106831895,-0.13179060466428336,0.0,391.2502726585074,390.4172046649252,391.59565604008463,390.08043874107705
2.520000000000002,0.2074387891285148,0.8638701738403611,6.175007764250877,0.11624084541725566,6.205524831198154,0.0,0.3834981802767782,1.149217840642771,3.9191751934920394,0.05903025092202489,-0.12516715325500835,0.0,418.16694455479956,418.72706331804983,418.5123750818243,416.52175334294236
2.580000000000002,0.23157680850364457,0.9344647715766722,6.406648056030082,0.11953911906030434,6.197778280822861,0.0,0.4216668285099578,1.204197568718008,3.8024570031808245,0.04528166033833018,-0.13845514082815508,0.0,382.08534093997537,380.7977823026136,381.49586181888316,380.1832077302715
2.640000000000002,0.258778117342736,1.0093069390706702,6.638799619221609,0.12170495783791235,6.189427742717189,0.0,0.48589317105416163,1.2907283627537385,3.9352998624372026,0.0024354603263409894,-0.14065528249378995,0.0,464.26691040187933,464.0771607700701,465.4255414239562,462.06020949329826
2.700000000000002,0.29012067698452565,1.0895051897323338,6.879995221326133,0.12215694544485789,6.181134300688566,0.0,0.5597375449162516,1.382466338352483,4.103793367947611,0.016159261498225164,-0.1337626594750693,0.0,476.25008878404174,476.76069619459525,474.8604538935881,475.91201953051
2.760000000000002,0.32582182226293405,1.1749085889606723,7.128795862991735,0.12307271036447442,6.172725892539834,0.0,0.631080050697048,1.4643260785939527,4.189081441160747,0.013406658445708977,-0.15761932613556828,0.0,452.57935609776735,450.63650250301987,452.78754398940134,452.5659168652263
2.820000000000002,0.3664262297475458,1.2657232992953051,7.386629643072974,0.12477674255845894,6.16370353108932,0.0,0.7233986224892988,1.5628384215320694,4.4043214623256075,0.04826157143374622,-0.13883537738340962,0.0,491.70674651348725,493.07732303921773,490.6808042980588,493.26186850193307
2.880000000000002,0.412101764431195,1.3617880533449744,7.651778156171445,0.1276325834792411,6.155206246192385,0.0,0.7998665685497435,1.6395211053118397,4.433629764791855,0.04623513072500716,-0.1478660354823052,0.0,437.2376426621162,436.4654047338755,438.40020128835073,438.2331749393635
2.940000000000002,0.4632932046963848,1.4632537852136625,7.924501377963118,0.1315932257401382,6.146312426026366,0.0,0.9074509624216374,1.742917450400583,4.655923279407226,0.08976132869787361,-0.14896816333800694,0.0,496.80326576620195,496.70435766518005,495.77572622826585,498.9661455957694
3.000000000000002,0.5211255674820662,1.5709901994009299,8.210291593556654,0.1369303138058937,6.137003164810199,0.0,1.0212277677393178,1.8487478760448663,4.869120259174303,0.08728164977547007,-0.17188250686924839,0.0,497.7278318276289,496.02734944989675,497.0100490901253,496.8339311442529
3.0600000000000023,0.5853391101675357,1.684571666177256,8.504329435453345,0.14244617265616455,6.126781065411802,0.0,1.120153390785401,1.9377153557625353,4.931491147141129,0.0998972929996391,-0.1675038860623843,0.0,454.56170756573687,454.8853879580683,453.21972246217024,454.2395508300614
3.1200000000000023,0.6552737983493312,1.8032209315056293,8.799495225879475,0.14866756184302687,6.116677833604513,0.0,1.2118395122283216,2.017718705052881,4.907107303850174,0.11035731285877934,-0.17021240404004534,0.0,427.4389831671177,427.179655391133,427.1606922792395,428.06166631466795
3.1800000000000024,0.7317425230917738,1.927524538894406,9.098163959528039,0.1552812053142434,6.106735776989929,0.0,1.338063647521434,2.1262663058924343,5.0473807081126445,0.10996650599532304,-0.15794368096769815,0.0,480.697282615418,481.6021801211612,479.29511890306276,479.27518317914667
3.2400000000000024,0.815359499176273,2.05791949025057,9.401674272259392,0.16182161095153624,6.096959035338019,0.0,1.449981078703379,2.2207220653370854,5.069067974799277,0.1070164740529673,-0.17550318201056436,0.0,445.42806051536,443.9638592443704,446.75412739652,446.5238942442222
3.3000000000000025,0.9059945873677884,2.1941916865899804,9.707056142248916,0.16784990215153428,6.086196033106784,0.0,1.5720994171450184,2.3221338947780135,5.109616128475252,0.08230627474249878,-0.18854887113187985,0.0,453.86969846082343,452.79068092728653,453.64874053322234,451.6681353295655
3.3600000000000025,1.0034717129051745,2.3360676580408897,10.011435852554381,0.172715940357965,6.075229902054968,0.0,1.678011292082926,2.407389145154018,5.036259084362738,0.07857490989616561,-0.1731903518329106,0.0,415.83047152042894,417.1389563006539,416.80870021339285,416.48819372555636
3.4200000000000026,1.1085118513566685,2.48396333737954,10.316183920244228,0.1771990764880158,6.064547168964889,0.0,1.8242275909132688,2.522722244953244,5.121027523684674,0.06561143742370454,-0.19013041672617345,0.0,469.6075546594924,468.2623715689104,469.2326260040043,468.2290276840016
3.4800000000000026,1.222101348214123,2.638499065615295,10.624010748138156,0.18130448883448302,6.0528647058257885,0.0,1.9630376347637548,2.6286694369333254,5.139194800906916,0.07352337553609106,-0.2059234710024309,0.0,450.13412403514354,448.81713805679624,449.76182783956307,450.40573532101007
3.5400000000000027,1.3447403230324766,2.799834483027876,10.934962706647642,0.18558156384015234,6.040338006442781,0.0,2.1259873540758734,2.74936354037584,5.224739174594184,0.06638490538741318,-0.2151931715445032,0.0,474.2460356746409,473.493309276538,471.7943613552802,471.2463575832576
3.6000000000000028,1.4770933500203436,2.968237967243362,11.249720118530727,0.18932340630295386,6.027578686519316,0.0,2.2868313800677433,2.8642244524526395,5.266241835704436,0.05278516392885359,-0.2080173774075481,0.0,460.83693473189226,461.36106016693526,461.9082983943543,460.83695587074027
3.660000000000003,1.619725595865258,3.1438554219081576,11.568343868836953,0.19240527869254365,6.014737862405898,0.0,2.4686083978831563,2.9897102012328696,5.353315644239053,0.04836125840777478,-0.23001057141642983,0.0,478.40915857355736,476.688919774838,477.740675739029,477.40466518049584
3.720000000000003,1.7720086009648066,3.325986415675154,11.886738048251525,0.19497922143411817,6.0008948600792245,0.0,2.60852561913998,3.0814192122843296,5.259611906829115,0.028784591511101812,-0.23216481981020798,0.0,421.02580315694956,420.78309589702985,421.08101233672227,419.3847236056457
3.780000000000003,1.933633462977402,3.5141217462181715,12.201939510726255,0.19701899343938578,5.987556780071408,0.0,2.780008467892523,3.189702247857777,5.246382027498801,0.04278426043757138,-0.2076242063179882,0.0,447.75052207883925,449.6938663296988,448.0932570738913,449.23058472588946
3.840000000000003,2.10595475799591,3.7088802203498483,12.516863146130326,0.19991417525989075,5.9749427774385815,0.0,2.9649600648716,3.30224218830265,5.250206171182027,0.05740578509850382,-0.21603063319882512,0.0,456.40698098448655,455.6929882491735,455.2826498907044,456.45258793525
3.900000000000003,2.289319444981452,3.910244043595705,12.831098011813317,0.20318850183846582,5.962205767248225,0.0,3.1481201597594866,3.409940311985283,5.223536831802348,0.048201099405749535,-0.20569233947631027,0.0,446.41089685145766,447.20962602801046,449.1620180342373,448.41666982967007
3.960000000000003,2.484123939981332,4.1182393369246855,13.144365351159289,0.20650557230611621,5.949655494969106,0.0,3.3462273396396283,3.523238924935516,5.217791059636734,0.06661955309172242,-0.2172233314456019,0.0,457.38608033002106,456.42463615540385,455.3406951535871,456.81401825223645
4.020000000000002,2.6904916958100222,4.3327436750321136,13.455696389440726,0.21029205105779436,5.936989628120704,0.0,3.533572750171494,3.6269961504595774,5.159249259722017,0.05495451247220653,-0.20104674575834836,0.0,439.9672038037211,441.2602235508347,441.37529659886667,440.41417844648487
4.080000000000001,2.9074109831977992,4.552991788984756,13.761069079857688,0.2132544591457055,5.924852659377139,0.0,3.697892550931663,3.714700787316451,5.019714065238073,0.034846522314865354,-0.20487254200434662,0.0,413.8049796272445,413.4244653250135,413.87115706203275,412.09871108214764
4.14,3.135812634581528,4.779333044381481,14.06181805385334,0.2148959399763637,5.912217875295049,0.0,3.916280191482327,3.8298586484031554,5.0042876607911895,0.004920415919291729,-0.225523170492724,0.0,459.1721546779657,457.4877667345664,457.74803775564425,455.35992381225986
4.199999999999998,3.378183877776793,5.012922953154728,14.363196633885124,0.2151298009849878,5.899188095955383,0.0,4.163568944614303,3.956075681059299,5.040315662975988,0.0017693400093331305,-0.20424270425429433,0.0,476.333100023921,477.9145218541944,476.25619541920884,476.0149926177063
4.259999999999997,3.6352096040125432,5.253829026412865,14.665663399202556,0.2150323650646886,5.887516291558027,0.0,4.404618864390852,4.07375395694395,5.04080688485125,-0.00946229269638549,-0.18002071601657585,0.0,467.00559956793734,468.8561413704215,468.23411002012773,467.35933618392477
4.319999999999996,3.9052332433192154,5.500910356937943,14.964246964034842,0.2148249542746523,5.8769489663758705,0.0,4.5968217446260144,4.16208200092371,4.91178443556713,0.006445731621633118,-0.16929424259997047,0.0,424.9710050417417,425.85821361281575,424.03518263422126,425.40002722827546
4.379999999999995,4.188738412664144,5.754152741730771,15.259165406650018,0.2157085965874943,5.866712274282829,0.0,4.853775403395758,4.279000713887579,4.917662340094444,0.027571271230354053,-0.17338144946872874,0.0,473.0778396559873,472.7369243380576,471.69837597510787,473.32728970552876
4.439999999999993,4.4856906308876345,6.013359898947185,15.549682242512922,0.21737615782687225,5.85599693773049,0.0,5.045240734367643,4.3611813306846186,4.766075059694864,0.02823181428138695,-0.19181786673505802,0.0,420.0382659660625,418.40250854676975,420.5843713708485,420.64183773283213
4.499999999999992,4.794972776976884,6.277824423943089,15.832594935470226,0.22012422379130836,5.8454014443342,0.0,5.264704118086458,4.454216459031978,4.663764268727507,0.0678514181920881,-0.15654353052879177,0.0,437.8595556359471,440.753470283784,436.23489238341864,439.53280543244676
4.559999999999991,5.119688115306224,6.5488763961733065,16.113752837535944,0.22405013881994584,5.835947618932739,0.0,5.559281105676259,4.580742925164645,4.706515565580365,0.06009391368345867,-0.15968364598006557,0.0,488.95643456445856,488.7013168835765,490.98637072424697,490.41305989216534
4.6199999999999894,5.460360445180077,6.826687234542105,16.393613073879294,0.22724417947071895,5.826559666740582,0.0,5.796786519710834,4.679578097068419,4.621400214448602,0.03372724096186734,-0.15070927505278686,0.0,450.72175924211257,451.42385141930987,449.7985929567504,447.659279472076
4.679999999999988,5.818059403124297,7.111653217971748,16.673579464468908,0.22967139381477697,5.817181137738242,0.0,6.126436044283799,4.818903002455609,4.708785108847298,0.05132317185655676,-0.17088135165557233,0.0,510.3840605450218,508.9218915729003,508.7569305357089,510.0161412757484
4.739999999999987,6.192939612602076,7.403738097718925,16.95338887955611,0.23272172873821173,5.807911181384931,0.0,6.369839897598645,4.917159509345966,4.617396969986867,0.0498527350489434,-0.1334462417392513,0.0,452.1282784425366,455.1120124254803,454.5158451973472,454.39952443386557
4.799999999999986,6.582674455896328,7.701792456251897,17.227955641901485,0.23577731265110824,5.800154025969643,0.0,6.6214000445078405,5.017879699464866,4.53403718029595,0.05299091015634739,-0.122054728905856,0.0,457.48819851079895,458.37977960753625,459.3189760466407,459.5694178526921
4.859999999999984,6.986213464635218,8.005291449318463,17.494961941477765,0.2393018303049912,5.793050720956671,0.0,6.830117998405916,5.098782091293529,4.366033932045527,0.06828936173609362,-0.11191851428700293,0.0,429.3285922325901,430.1748736797614,428.3479236974235,429.649886025438
4.919999999999983,7.405716964999511,8.315166331083045,17.758034222632517,0.2438752497624188,5.786101127484056,0.0,7.152900438796873,5.230217822597033,4.401278998284234,0.08863501503399797,-0.12507742035829172,0.0,502.0710739185814,501.10473798417826,500.8952275931094,502.3768092011308
4.979999999999982,7.840911460561633,8.631301330808508,18.01645806569207,0.2498518476697491,5.778331089559039,0.0,7.353804047755777,5.307788074682563,4.212718776516642,0.11552175613004817,-0.1402561974855324,0.0,427.4183425299183,426.1059458784893,424.2539776595746,426.5657779793236
5.0399999999999805,8.28855980012126,8.952289055264751,18.264151494447177,0.257154968988897,5.769997526150714,0.0,7.567970163939565,5.3920166211818366,4.043313944038705,0.13187360551910557,-0.1362992786124113,0.0,433.2271806264104,433.54144333104045,433.94191551965844,435.3264645560391
5.099999999999979,8.749247953045126,9.278450053802251,18.5018702197968,0.2646201483344237,5.762515010195067,0.0,7.788365582633969,5.480253355601912,3.880157077905904,0.10218763953994162,-0.10814995491771874,0.0,435.6757000378561,438.0087854118709,439.406185909984,436.95117633649534
5.159999999999978,9.224319905124911,9.610475045951354,18.73164908120578,0.27245091261386545,5.755888682207004,0.0,8.047117757627035,5.587383822534469,3.778216071640178,0.15962912676303753,-0.11545710874773193,0.0,461.5425182155302,460.95491270300795,459.5740694933875,464.11909756102625
5.219999999999977,9.71424967239236,9.948684250282577,18.954100218270018,0.28201560879535137,5.74852130102337,0.0,8.283732181791947,5.6865597888102215,3.6360624036453455,0.1589735546840696,-0.14443068224633676,0.0,451.1332079373332,448.7726566914839,448.15657922284237,448.1271651733918
5.279999999999975,10.216983199523463,10.292255485042467,19.165646321238675,0.29170054306039184,5.739593725579034,0.0,8.474236102563909,5.766135693913341,3.4152410098650066,0.1658942476359738,-0.1593632018797464,0.0,419.8577901996381,418.5372106944187,420.9882141364758,421.6131468549012
5.339999999999974,10.731978770336438,10.641043847265946,19.365142857874456,0.30168117384369797,5.730662073974518,0.0,8.692312320838747,5.860406191471084,3.2339800707502606,0.16722700545141456,-0.13346647621461027,0.0,435.40795242842887,437.5481499080411,437.29865133742294,437.4366208224591
5.399999999999973,11.26121641935974,10.996102734300791,19.55542426048425,0.3120784807400332,5.722457270782007,0.0,8.948658704522614,5.975098968001391,3.1076030310329315,0.18325507362775925,-0.14427210498837328,0.0,461.6332712545068,460.76285538189927,457.8699317065261,459.17135838235873
5.4599999999999715,11.804034534839335,11.357231959041465,19.735258287108465,0.3227249665842864,5.714020597622127,0.0,9.145323148254851,6.06285238277575,2.8864790313170543,0.162108572415486,-0.13415096446660618,0.0,425.10903991511367,425.9563627630113,426.1299340734994,424.3492131781231
5.51999999999997,12.361684197467847,11.725186254136814,19.906220228839736,0.3321557148087102,5.705878908599537,0.0,9.442408802328055,6.202298235404515,2.8105936795219164,0.1448542324894189,-0.13897269110334254,0.0,483.12636861166106,482.7471352475502,483.60971536603336,482.3289123341045
5.579999999999969,12.93292125550815,12.099436588203597,20.066344928117903,0.34090985626639814,5.698673941658345,0.0,9.599045200746792,6.27298085327323,2.5271674192187863,0.14791791123804623,-0.09700741284900838,0.0,401.9051744591132,405.6766375820163,403.4036588004093,403.7026053357939
5.639999999999968,13.518006450581316,12.480220863150782,20.21579695305047,0.3493567698662101,5.692394693498251,0.0,9.90293979152911,6.419744426283318,2.4530346971682584,0.12006701554265094,-0.12786475395108335,0.0,488.15311559894815,485.83511255517345,488.8004119347333,486.7357557285697
5.699999999999966,14.118308556908358,12.86832198491792,20.35650462188458,0.35674859217856714,5.6846186827309015,0.0,10.107014292083406,6.51698048890421,2.2368839514245855,0.1288136894880198,-0.13331467851591908,0.0,436.8693348258034,436.39874309117897,434.3020154394271,435.04940063919463
5.759999999999965,14.731553142555624,13.262631595453826,20.485160848748556,0.36449989464499755,5.676167195343796,0.0,10.334190339943264,6.626609677496745,2.0509534532835514,0.1299266374739625,-0.1635283887435535,0.0,450.27676851409285,447.80574669221346,449.24098231290486,449.3463222746538
5.819999999999964,15.358761465849238,13.663698675502603,20.60302537836735,0.3723252212474222,5.665816595803136,0.0,10.5724599637188,6.742113041142469,1.876855830059765,0.1313940660274703,-0.20425510732808622,0.0,457.2610155247128,453.97401345706345,456.5568448229579,456.6890475763562
5.879999999999963,15.998108189322547,14.07057437949491,20.707477929828777,0.37999026383845713,5.653269010028694,0.0,10.739309143320021,6.820365614818112,1.6046294935156573,0.11924184010366679,-0.22125801175435944,0.0,418.528777217204,416.99899659109695,417.4362542314282,416.38995007763316
5.939999999999961,16.64933890305269,14.483059317559048,20.797857409369687,0.38690251846216217,5.640624329658278,0.0,10.968229143288593,6.928787436803213,1.4069414091048824,0.10558275628711027,-0.19534490367667928,0.0,449.80090914710485,451.85167052775245,451.05343493658904,449.96006802086015
5.99999999999996,17.315985541394184,14.902843109951352,20.87828541875237,0.3930148821636097,5.628922138946889,0.0,11.252737059398749,7.063417515924247,1.272356753146248,0.09317677004203281,-0.19442774239687605,0.0,479.19443295717156,479.2300708746611,480.0343570205456,479.0997321723551
6.059999999999959,17.996833431573712,15.329211569142672,20.947019345192775,0.39851911852617583,5.617140687347041,0.0,11.442178703370208,7.148587542661799,1.0183632109093137,0.08869290593793093,-0.20051960548802675,0.0,433.248056062551,432.696454095568,433.74427523179355,433.37466525907826
6.1199999999999575,18.69012769136761,15.761166268172124,21.001696566378126,0.40411870844640596,5.606303039995735,0.0,11.667326623470196,7.249471728228094,0.8034004085597775,0.10126945075133739,-0.15680991308576375,0.0,450.3981835454626,453.8882064753643,450.85556076175527,451.87814264152865
6.179999999999956,19.396936012554818,16.199132489587036,21.043412503415894,0.4109227057615268,5.597164678613185,0.0,11.892503915249527,7.349071876201415,0.586432882244757,0.13051566424358596,-0.14455925359130078,0.0,451.89228961873323,452.85766093533044,452.4760973853432,454.8362437543523
6.239999999999955,20.114633239118117,16.641781930395588,21.069151857885277,0.4191319249380445,5.58906121714214,0.0,12.030832922309438,7.405965612222797,0.27184904858125036,0.14711971918257927,-0.1207832896848027,0.0,408.6941729999296,410.7899933322952,409.31278896703935,410.8073960389658
6.299999999999954,20.84359664731348,17.089305099509815,21.0793096501324,0.4279274417335097,5.581442505400005,0.0,12.267216770233416,7.511223254654292,0.0659316628033866,0.1455162716968036,-0.14374759583210525,0.0,459.7044794705574,457.86575640969806,460.2136360447307,460.10596141807025
6.359999999999952,21.58229680789813,17.540974864141983,21.07233010501212,0.43644723653338247,5.572233225642581,0.0,12.356513653749971,7.544616530739828,-0.29783409448047,0.13382789285494293,-0.19380549993350626,0.0,388.22227894626985,383.46462172841,386.4939366056824,385.4121287954474
6.419999999999951,22.329942289825993,17.99639321601731,21.047330968458972,0.44443859319255097,5.560573225913647,0.0,12.56456757232694,7.635561834760799,-0.5363239714307033,0.1318819111054975,-0.19540865031264665,0.0,446.2820295117806,446.11439883413647,446.2237404025455,446.0810272858031
6.47999999999995,23.091629398275018,18.45798138981581,21.009531695756973,0.4521551417302341,5.549563752968819,0.0,12.824135257963027,7.7500419141260855,-0.7250620534191715,0.1211029080633756,-0.16660167741311113,0.0,471.17503649798255,473.36664705469565,471.16319654595844,470.3427683580039
6.5399999999999485,23.868112194032772,18.92601549937603,20.959546208525335,0.4590796514161726,5.539545633299479,0.0,13.057863802014475,7.850524543268408,-0.9420835961873582,0.10049240604563636,-0.1677118684948622,0.0,462.2332665275888,462.12024627001097,463.794311512857,462.18302886840235
6.599999999999947,24.65693948934424,19.39922409621324,20.89487099931841,0.4647118165090376,5.529589456482155,0.0,13.23603593570655,7.922685250039181,-1.214046741067113,0.07538063274657923,-0.16260699381311358,0.0,438.9668147160263,439.3637791935159,440.3457683948389,438.26973437273125
6.659999999999946,25.45744020498543,19.87717736243424,20.814826472295916,0.4693340614925141,5.519797951920367,0.0,13.446702059328835,8.008476600561654,-1.4546591323211293,0.08015884021472265,-0.16438600084076302,0.0,455.3676040143728,455.2005172295118,455.1021802240126,455.48919976606066
6.719999999999945,26.268435354406726,20.35920124876478,20.71835884190365,0.4738192581983469,5.509847916744118,0.0,13.58638355341924,8.058671013611118,-1.7607643558389345,0.06083897686834171,-0.16889500719630715,0.0,424.3671555693403,423.95197783996895,425.22211304979095,423.5674438139746
6.779999999999943,27.088627761059723,20.84455763872854,20.604317335825296,0.47708202790359255,5.499818216177909,0.0,13.753050599385151,8.1193749896229,-2.0407027327051313,0.036550598669910145,-0.16390700326522423,0.0,436.00910989449466,436.3985600964828,439.2441152231023,437.2260282879323
6.839999999999942,27.920550480494647,21.334276823093116,20.475064030260388,0.478901806665049,5.489651896004018,0.0,13.976915020720593,8.203766002292442,-2.2683247136212303,0.013438999481707355,-0.18377144017755456,0.0,465.21977633817977,463.6343957914067,463.6213592706538,461.80121507506
6.899999999999941,28.765786834406573,21.82890144563872,20.33206872632735,0.4797939082986007,5.478982114488453,0.0,14.196870219274848,8.282808450973217,-2.4987614117103036,0.017583822782049244,-0.16802749872125797,0.0,462.82905692618976,464.03786454326666,464.62628773584817,464.951180461378
6.95999999999994,29.62437509710258,22.328226519148696,20.175403188798015,0.48074727303463494,5.4684496291161455,0.0,14.421869378925704,8.360449001055725,-2.7240139511482577,0.01226499503493764,-0.19805139092095755,0.0,469.18904479385526,466.82204483986504,469.0649256124695,468.651367648168
7.019999999999938,30.49746309729129,22.832528170478835,20.00606967425245,0.48132523613902123,5.45614264697716,0.0,14.679897590595186,8.448398925041529,-2.921555053735013,0.00376615686894548,-0.2254869129692587,0.0,485.2918961839061,483.1886199057048,484.5803334659785,483.94058684047303
7.079999999999937,31.380928933737987,23.339792018204655,19.820698297526466,0.48168356705242843,5.442762440501308,0.0,14.769199477267648,8.459970929125342,-3.257050208042682,0.010054827337619834,-0.21845721649844976,0.0,415.0181371850339,415.5819192676029,415.45446622418285,416.0057415294774
7.139999999999936,32.277099012590135,23.85068150555732,19.621052251576682,0.48331777255996133,5.429311228963748,0.0,15.101208228027891,8.568041466243496,-3.399862186910848,0.04897490193573074,-0.23920809254059497,0.0,514.0090622328202,512.4926339559145,513.5373334348868,516.2920585507597
7.1999999999999345,33.18938403409207,24.36635192298279,19.40979180195151,0.4866526882335025,5.416107701498319,0.0,15.307323123961499,8.61998018622434,-3.643127505084556,0.06629235343660184,-0.1968007596341233,0.0,469.5580183907964,472.7911468248036,470.42739551838787,471.769021237995
7.259999999999933,34.11339113943092,24.88477446616273,19.183424386625433,0.4902849711388759,5.404897783847986,0.0,15.492053225866314,8.660008379287442,-3.9030266980960966,0.045396984623834014,-0.17203268660683524,0.0,464.9596197366661,466.8644010785729,465.5063163665382,463.86971294210406
7.319999999999932,35.05301646198711,25.40728304541553,18.94479604627683,0.49413146156320664,5.395204669684439,0.0,15.826431985070935,8.755556321208285,-4.053069953143715,0.08705632140943095,-0.14618231212201135,0.0,522.5901950628352,524.3688566058901,521.4474022141369,524.352985120379
7.379999999999931,36.011059201938465,25.934811294547607,18.695977543681906,0.4990349165262522,5.387163866988844,0.0,16.10634019886233,8.827708918372382,-4.24212950799124,0.06806106566742641,-0.11686149831020046,0.0,509.6166663434006,511.6947331903971,509.18597730368356,507.82889334438676
7.439999999999929,36.9799932579609,26.464365725972897,18.431731884079756,0.5033998171730412,5.379803475202294,0.0,16.191478702355592,8.823984971014017,-4.565346837304909,0.08077187142532301,-0.13800924615961369,0.0,440.8607667211323,439.0945968381894,439.4816523323959,440.53873484260185
7.499999999999928,37.95345731429759,26.99344779893047,18.14782713027494,0.5080193622904083,5.371160015179472,0.0,16.257450966708575,8.811958251676216,-4.897452978595821,0.0681004482893921,-0.16026389691728404,0.0,433.0791797668106,431.1814513079962,432.66065387415676,431.59659519184515
7.559999999999927,38.93610074381226,27.523728619673157,17.84762895433463,0.5119225082292589,5.3612932805513225,0.0,16.49564113498651,8.863055396137332,-5.110158790888242,0.058131367173949275,-0.17448014563912637,0.0,498.9008074756812,497.8383602038769,498.61852310538427,497.8918703921438
7.6199999999999255,39.92878246570873,28.05541628715134,17.53188774337819,0.5152287249666356,5.350688668390708,0.0,16.593462777944755,8.859423254864348,-5.414353190730646,0.04823445505515984,-0.18169723853855024,0.0,449.75608172437217,449.1409889800749,450.47204005076196,449.67247369758945
7.679999999999924,40.92657691565017,28.586539496000942,17.197484875800363,0.5177354808971586,5.339485466506696,0.0,16.666290655411952,8.84431005136861,-5.732026191591243,0.02396460233293509,-0.19934132786315625,0.0,441.6026823743372,440.1092864034019,441.39361746493034,439.3856578487696
7.739999999999923,41.92813363279035,29.116462695000617,16.843723585806384,0.519540176568051,5.327664254879254,0.0,16.719048111946034,8.819452876114708,-6.059508594543148,0.040126923738010696,-0.19274756361247924,0.0,432.7030086434661,433.2190351504027,431.88156341095936,433.24386945242037
7.799999999999922,42.935900393022884,29.64588390177189,16.472261085541362,0.5225880652106811,5.316087481839082,0.0,16.87216980173616,8.82711814842951,-6.322997496160541,0.06638775418597331,-0.1933458606532957,0.0,470.9754890657068,470.89518736528646,470.39640179196016,472.428265569132
7.85999999999992,43.95223984933816,30.175465110868643,16.084658415170534,0.5264346631827026,5.304980386105456,0.0,17.004926573186182,8.824892889879315,-6.597392104072872,0.05911603202792421,-0.17235630946193264,0.0,465.91649190690976,467.52383429763245,466.00763635699485,465.4412894150828
7.919999999999919,44.97630825217614,30.70475769999138,15.680509910769256,0.5297379867083212,5.2949886239412844,0.0,17.129887021220373,8.817595185764228,-6.874312116268602,0.04536099689099953,-0.15688463660606522,0.0,465.2631823094443,466.4484186817173,465.63197439531297,464.555804080623
7.979999999999918,46.00472278244591,31.23250247175391,15.25804590562635,0.5321376454146831,5.2863468699261595,0.0,17.150966575583617,8.773822901489398,-7.206908400175139,0.026206842644596325,-0.12619306832513913,0.0,426.33211937853076,428.9272906477309,428.8588419426427,427.22846325025495
8.039999999999917,47.03383501724367,31.757400803965904,14.815465653439523,0.533302960735786,5.278743944050577,0.0,17.153410753968195,8.722870574005363,-7.54454457796533,0.00022980553052752255,-0.12778004604067592,0.0,419.28044414441337,419.12675089758574,420.59555412943337,418.3380113309044
8.099999999999916,48.064457684178265,32.279655755991804,14.353550291659989,0.5331547754083426,5.271089671333947,0.0,17.200822363579395,8.685507913605129,-7.851716834659437,-0.008505110668271428,-0.1271572096987609,0.0,435.3718303288869,435.4087589496534,435.82521474676906,435.09405960507854
8.159999999999915,49.1015420194934,32.800781383940496,13.87531692490188,0.5324912163230167,5.263806715315942,0.0,17.367462679374515,8.684718885317354,-8.08932602089481,-0.016731709092130644,-0.11180705147929794,0.0,478.9843613858207,480.1387821202102,478.4309312543248,477.8039005776232
8.219999999999914,50.14698132468099,33.321300862074885,13.382108197630679,0.5317065916127195,5.256847691848925,0.0,17.479914037710248,8.66557611581414,-8.350447523839076,-0.006620010809831012,-0.1260089466257368,0.0,463.9026669594241,462.7738419988033,461.00473734624495,461.8036798192146
8.279999999999912,51.19682994200005,33.839919757876324,12.872175941135346,0.5315784413643039,5.249107354569926,0.0,17.515201414050356,8.621630064678852,-8.646392583432126,0.005590583416479296,-0.13578917551750974,0.0,435.8442322087767,435.00978354886746,434.77952932946073,435.80213189539734
8.339999999999911,52.25412831896398,34.357476087080165,12.34737342574309,0.5322723717219935,5.241811296103181,0.0,17.72619212825507,8.629421561810991,-8.847443900874303,0.02142580036903603,-0.10248824142050011,0.0,496.76703261799605,499.1920779331915,496.3106742424105,497.4721262771039
8.39999999999991,53.31849487995126,34.87380053762747,11.807817034250824,0.5344304310258883,5.236105829907348,0.0,17.75289404570488,8.581418664075324,-9.136792136265667,0.05541798893117733,-0.08335668777178253,0.0,435.6787748401678,437.2685106728319,435.5754188490704,438.4115004006214
8.459999999999908,54.384610226364885,35.38728501179847,11.25115084592779,0.5378222793460044,5.230860761638283,0.0,17.78437815283987,8.534763590429144,-9.417829508145296,0.0586675548655647,-0.09710999667746463,0.0,438.75224737715007,437.60152899131947,437.89454551074954,438.16719738876776
8.519999999999907,55.45567874877833,35.898862662344534,10.679289506551171,0.5418716139266531,5.22534826445346,0.0,17.916753290873284,8.517433281097407,-9.644098709438339,0.08097681163378069,-0.08305730415508258,0.0,473.94515927853024,475.01809570332506,473.1182202152237,474.8368553830681
8.579999999999906,56.53044018345593,36.408159339159496,10.091945063402775,0.5467070416431152,5.22027198137765,0.0,17.90906318157251,8.459257005286714,-9.933005370292507,0.07980684354484245,-0.08789221430678791,0.0,426.3481476640658,425.92833610997394,426.23300123397,426.1384570006792
8.639999999999905,57.60263570939195,36.91335729430261,9.486435091071897,0.5515495191158415,5.2149951912772465,0.0,17.83197717130133,8.381022879525155,-10.249220098747946,0.08245081941016547,-0.08805522196199236,0.0,397.47999595412324,397.4576310873136,397.72389832760956,397.97225217464984
8.699999999999903,58.67380735861801,37.41489809856254,8.863810148070053,0.5562488842020041,5.20951321902789,0.0,17.873525059406614,8.336911104215423,-10.50432009926345,0.06843523892177877,-0.09897693155985975,0.0,439.6511695096011,438.7374953062326,442.76002570475515,441.6094734414128
8.759999999999902,59.74769700206756,37.91384776329121,8.226126558542605,0.5604116593190884,5.203353790459342,0.0,17.92244947546605,8.294573245981217,-10.75128977466214,0.07120345299024007,-0.1112701760498713,0.0,445.29819325290134,444.2814822840061,443.0159577964032,443.24733295370913
8.8199999999999,60.82421529749465,38.41015220620795,7.573615334335465,0.5652082255519124,5.196609520448453,0.0,17.961177742362896,8.24870666438743,-10.998634595492458,0.09333189207218609,-0.11477329145176263,0.0,441.000515023504,440.6995190419389,440.5632812467513,442.39542049000494
8.8799999999999,61.90457313941952,38.90410695030283,6.907049175240408,0.5705931196581782,5.190001847105149,0.0,18.049795725242795,8.216043672623364,-11.220178121544082,0.08140009221335023,-0.10216855289856022,0.0,459.98886175411144,460.9762923766059,459.58424263230853,458.6432959953153
8.939999999999898,62.9909404464875,39.39626966927588,6.227593879010311,0.5754485696651903,5.183798039564309,0.0,18.161250429874357,8.188929952413078,-11.428331853359612,0.07995552640734208,-0.10597171628084791,0.0,469.76421788043837,469.46034618090323,469.9971463593651,469.8899858884379
8.999999999999897,64.08293811853757,39.886487691126845,5.535301036463939,0.5806528933359951,5.177452593343478,0.0,18.237831399020816,8.15131462589704,-11.647931964439309,0.09767942427555472,-0.10533264249918739,0.0,461.5537492729812,461.59489662861813,458.7602351108855,460.1721963969391
9.059999999999896,65.18059203462484,40.37471488033728,4.830378025380221,0.5868173158868348,5.1712416094354605,0.0,18.349314369072438,8.122423317606234,-11.849612847366117,0.11130725059987334,-0.10011375307207915,0.0,474.33309509732516,474.72540013638263,473.6501410861678,474.7060966199032
9.119999999999894,66.28312603615923,40.86068677161303,4.112700796515944,0.5932238016270421,5.165651670685699,0.0,18.401193823480117,8.076362933946076,-12.072692027747111,0.09568478620844277,-0.08200969534178533,0.0,456.5349935996472,457.9710226140094,457.30352616456156,456.06607200655276
9.179999999999893,67.38555874460458,41.343003460807076,3.380458834504655,0.59898530450306,5.160667823929945,0.0,18.347281574246235,8.001017165599057,-12.334364309100103,0.09669652549158123,-0.08525955421139916,0.0,420.5705202914968,420.28267325483455,419.7260714753039,419.822381785146
9.239999999999892,68.48665092442322,41.82130362095547,2.633410452488717,0.6051058942082692,5.155410207781694,0.0,18.355706927046555,7.942227641540168,-12.566661622815099,0.11093846906189393,-0.092836660627964,0.0,441.2612687984113,440.6283966146033,441.1307586170856,442.3150793388862
9.29999999999989,69.58763516275776,42.29589350813957,1.8723058517481144,0.6120696206817682,5.149970421342431,0.0,18.343849950526213,7.877352911787452,-12.802882755046237,0.12471839221380616,-0.08663904644897905,0.0,433.5684826454,434.082146875514,434.2355907848348,435.4031306329697
9.35999999999989,70.69225535082201,42.767737924516865,1.0988036719846679,0.6190876323071848,5.145082770067251,0.0,18.475167335066164,7.850240622584483,-12.980713439819398,0.093209827941095,-0.07272391171564664,0.0,482.91703535602784,483.9613645451804,484.2602830435065,481.89332004298024
9.419999999999888,71.8043202593223,43.23782170101402,0.31456694916900435,0.6250468901844997,5.140336284645766,0.0,18.592239824544745,7.818772964941929,-13.160497421201963,0.10936101758517223,-0.09662850320651545,0.0,482.55849459409944,480.74465818243317,481.7938609150539,483.0217889572616
9.479999999999887,72.91609954739427,43.704046926636025,0.0,0.6312498560323858,5.134399001455879,0.0,18.468450122805972,7.722324454582212,-13.425723895872478,0.08743028620576397,-0.10406392470528913,0.0,400.11151748771164,399.42377405397906,401.02890885609867,399.0405309730457
