hover_episode,hover_rewards
1,74.14087712862059
2,74.14154505079456
3,74.13882985479103
4,76.94828792393247
5,77.0485170208431
6,161.9611608664128
7,62.067582672175114
8,86.57103903418268
9,85.84556753130573
10,85.93611915886495
11,85.77883541274338
12,82.8986009111231
13,194.2439730431222
14,136.13481922165667
15,228.81449001360517
16,228.038529150811
17,229.88293811615702
18,228.6702387630755
19,229.96996779330433
20,96.93171041871159
21,70.94812615702342
22,62.063070045717176
23,61.95880386834007
24,67.84779839722776
25,61.82455275672824
26,76.8275094561595
27,87.94673112825893
28,77.01601425009136
29,76.48161301002042
30,76.91482123850537
31,76.98799157590538
32,74.06511846772777
33,122.11430408441002
34,96.99836917660262
35,67.7465228511231
36,77.09640112236114
37,77.1308099857753
38,77.12787376293417
39,77.20432044045174
40,77.15260607549686
41,77.12879019302545
42,77.12895996677871
43,77.12515369037416
44,77.12478097851523
45,77.12811839126041
46,77.12777147423499
47,77.1242959525601
48,77.12785518586256
49,79.96162681087691
50,82.77824851809537
51,77.06065248703732
52,79.98101775689578
53,74.12269404732503
54,67.98072054958378
55,124.55410166686646
56,111.1883221895191
57,105.55709770128225
58,122.88439253831571
59,241.87140893320725
60,181.86506422360253
61,244.41171598451155
62,240.5870620000199
63,242.71464163090758
64,242.4145631228352
65,241.6771184711555
66,240.35811684974215
67,241.90016949991613
68,97.22346219218409
69,82.92819057177975
70,88.54427981114168
71,82.94861663815021
72,88.52437159626722
73,85.63696679507424
74,73.92275695915384
75,97.37757899796455
76,91.69809738861402
77,76.9926482054509
78,97.71180541769262
79,83.12880258370868
80,88.95448151796029
81,82.87937005543363
82,70.65988358874925
83,96.61090207996241
84,84.8553892542753
85,84.97735783552025
86,76.89400219638523
87,73.62332573156449
88,88.12615779306648
89,85.39409117382134
90,88.20599242323408
91,85.41487546107098
92,85.45415528146123
93,85.43543734787926
94,88.25923382132595
95,85.37984182063825
96,85.40708656665261
97,85.37352666599266
98,88.02664178162283
99,87.93522956705252
100,87.9046427581722
101,87.46639726291424
102,84.02843547301681
103,79.23974590018179
104,73.57189020208286
105,79.80763130529189
106,74.09789236470557
107,106.14231326000278
108,68.08841829946947
109,82.53620020297807
110,70.92403163703281
111,65.15715559590603
112,67.83532654892998
113,64.52489868597168
114,62.12040876782824
115,70.82357347001621
116,80.06409442865167
117,73.28607663950017
118,83.071506339737
119,89.20298015387911
120,86.74493133652139
121,86.9015683665571
122,93.36574237346633
123,87.10255094425717
124,86.50480664641758
125,93.22408403665364
126,88.24769338139554
127,85.41378464856058
128,85.38307732027711
129,88.29845665300643
130,88.1070973005214
131,85.41030085063453
132,85.3749732803411
133,88.24758715457178
134,85.35717942148415
135,85.3647102095387
136,88.220567732499
137,88.28010376762535
138,85.36787687603957
139,88.15731146104366
140,88.22588763219197
141,85.4557677310182
142,85.34794657852005
143,85.32029395986201
144,85.44158140192636
145,85.36191373689174
146,85.4215526423598
147,85.37114940832961
148,85.37458082989939
149,85.3115036327899
150,85.42837965819942
151,85.43514555316956
152,85.43084926212948
153,85.40985294898248
154,85.42904128532408
155,85.28277389564238
156,85.38768786304804
157,88.09212190604627
158,85.42180792077933
159,85.42082858843521
160,85.4116078729597
161,88.25128601462777
162,88.10318584067471
163,88.30607185771403
164,87.93098581339956
165,88.22982798034329
166,85.38257358435433
167,85.44908142977742
168,85.24592223198411
169,85.33663455076655
170,88.20873423051268
171,85.2877396166528
172,85.36752295671785
173,85.43398167296752
174,85.40560950460423
175,88.18719055538207
176,85.36894997346432
177,85.40967896112335
178,85.3446791394546
179,85.33103942834235
180,85.37178197271813
181,128.9827375302479
182,205.36854583002443
183,197.97761954976878
184,202.83910812844618
185,88.75465706931038
186,79.48066571051223
187,219.43305661604168
188,85.87617607236095
189,85.83872528290695
190,85.8902203582439
191,85.82796014532144
192,85.86958785373027
193,85.90523668832219
194,85.91421875754394
195,85.8213163017317
196,85.87000912028
197,85.83928097326387
198,85.8514328558148
199,85.94825764902887
200,85.78138111685182
201,85.85894181523066
202,85.90388471831147
203,85.88606561841758
204,85.8575683918963
205,85.84378098481206
206,85.70879513360138
207,85.81229750056181
208,85.8237565463005
209,85.94459901430177
210,85.91247842161707
211,85.84296587585497
212,85.93240253446159
213,85.90709506491405
214,85.87718794071125
215,85.91900097745068
216,85.84438802343031
217,85.9298231683214
218,85.85353839629337
219,85.89263817725772
220,85.90581298110948
221,85.94399699717837
222,85.92747221818722
223,85.86946040546331
224,85.86448007229649
225,85.91986163536811
226,85.81952232942884
227,85.84430515506287
228,85.91692097893069
229,85.84779273453037
230,88.79204103087132
231,85.89889804266609
232,73.6149544216861
233,85.79121543470833
234,85.89288436268522
235,85.89507040883323
236,85.90317600237798
237,85.92767869783563
238,85.90526325870158
239,85.89085820396657
240,85.8339174831109
241,85.85491688718388
242,85.86541062186294
243,85.88495080355919
244,85.84748593160329
245,85.89456057568117
246,85.9100062043609
247,85.87111580325993
248,85.88551363298778
249,85.86937620657416
250,85.89185884508181
251,85.90896377848225
252,85.93657857338984
253,85.93474261943118
254,85.86777057739646
255,85.92670329949085
256,85.79927453087312
257,85.89097242812903
258,85.88824899373651
259,85.90583997515003
260,85.89725980696163
261,85.91034852794233
262,85.94288725458527
263,85.7064688871401
264,85.93543655271776
265,85.92235520177123
266,85.94885572189432
267,85.85569327673156
268,85.91464749296767
269,85.84643822237669
270,85.76599181314552
271,85.93327498578579
272,94.66177075974959
273,88.91920807193297
274,85.89025938005777
275,85.87337928255242
276,85.8589465655378
277,85.91509745064268
278,85.89190222257734
279,85.93998955324436
280,85.92604624579351
281,85.83650089214743
282,85.9277106718881
283,85.77746643587633
284,85.83963799863861
285,85.93871321187
286,85.84892576543436
287,85.9075188489111
288,79.69484664564057
289,85.88211644596815
290,102.3401458181487
291,78.57693010561931
292,77.27478253006095
293,199.25523681138156
294,199.05935158801304
295,204.61633972836506
296,161.86834716863063
297,202.6036307529726
298,205.4539096255295
299,203.79487468056593
300,97.35272487109366
301,217.39863874031943
302,173.84810628828467
303,197.95523459678478
304,202.49942335251717
305,201.78054790189805
306,205.87974677602588
307,166.3759921658825
308,201.52885702177363
309,201.5183087833781
310,196.3206218783209
311,171.85269153089826
312,215.30961784906557
313,108.58827775321127
314,178.1079677766091
315,94.17108189328727
316,127.77612230962934
317,65.1097490479377
318,84.96383738895693
319,85.5489654480586
320,105.69193122890523
321,99.95074731578195
322,88.32154292693957
323,91.03266282930691
324,91.1490777606367
325,88.29835659908744
326,88.27246427324621
327,88.2186596723422
328,85.41897562428
329,85.36056581641427
330,85.43694721002802
331,88.16527495783438
332,88.1423777248452
333,88.21910058334575
334,85.40742553131113
335,85.43589935196026
336,128.20659070083718
337,97.74737642287656
338,85.91494505482318
339,85.93774659903491
340,85.94977643149737
341,85.83551982190528
342,85.9109870564077
343,85.86110867512444
344,85.76149554962812
345,85.80086813457754
346,85.87856414881874
347,85.75261063082017
348,85.90225614733745
349,82.93887337659042
350,240.98330498708413
351,241.38016919621754
352,240.91380005449804
353,241.90765854777345
354,241.3257164294969
355,238.40864646802675
356,241.1287636114769
357,241.00754758636424
358,242.04759687370756
359,241.43307103305597
360,242.6979011670195
361,242.65872004520634
362,240.18487461130158
363,242.77552994141638
364,242.4896528687699
365,241.70057310451423
366,241.3163123118731
367,239.85265969553907
368,242.01557518180812
369,114.22053442183565
370,82.70626257063083
371,170.57312682739354
372,242.61876787692944
373,242.4341231609192
374,239.64012202164713
375,241.06451686851125
376,238.72618736048426
377,239.7313248375544
378,241.90811104777936
379,241.47899604069522
380,241.76827367452532
381,240.2528784803442
382,242.28111034526654
383,241.82492599424373
384,240.60361977624783
385,242.58690145910685
386,241.70026327878895
387,239.2992860873545
388,242.654987106361
389,241.20997230067695
390,238.91519627880402
391,241.04800698137328
392,242.78086130715968
393,241.24797910961362
394,241.11282304111776
395,241.10151854056417
396,242.12585578918242
397,242.76173595533663
398,241.09654266087438
399,241.17098287088928
400,242.75803769948152
401,242.2193650641149
402,242.75415578270886
403,240.22878278855754
404,239.60320209157646
405,85.91234825671945
406,85.75949828053535
407,85.8860728609144
408,85.92594891204538
409,85.88471378193888
410,85.8829884766281
411,85.93217281029975
412,85.81492161499109
413,85.87865918111304
414,85.92065684314576
415,85.80571130120425
416,85.91506306163059
417,85.93452950314466
418,85.85108256142104
419,85.91360110825534
420,85.90843217944911
421,85.93510382615736
422,85.77274769796301
423,85.73621093096041
424,85.8659272655785
425,85.88879143160516
426,85.85527413202574
427,85.91562985323722
428,85.9116760065849
429,85.88344247288317
430,85.81513506620028
431,85.86024268831216
432,85.92293524424959
433,85.8345200609311
434,85.84488901819155
435,85.87744294988326
436,85.92486226551347
437,85.77709820452114
438,85.87394931612997
439,85.92783625453148
440,85.91661530770037
441,85.81836941908097
442,85.7832368516467
443,85.78068366096254
444,85.94788770240896
445,85.72336571512088
446,85.8831858983828
447,85.88203141053337
448,85.88863210581707
449,85.80598731382423
450,85.84014434530957
451,85.93254858320859
452,85.79107954912911
453,85.94521778086877
454,85.93523114827816
455,85.92506830286885
456,85.91587429501725
457,85.92775551414708
458,85.82269104738208
459,85.85378724804232
460,85.93328024585757
461,85.91006262784776
462,85.91264351199995
463,85.90059271295833
464,85.92057640951745
465,85.81708167443297
466,85.90044644780714
467,85.92285968978979
468,85.912598831961
469,85.89084851803844
470,85.88090302017001
471,85.87982756016905
472,85.9532180945718
473,85.85243813353294
474,85.85630775743468
475,85.69445903124789
476,85.84724869992553
477,85.90495189694822
478,85.81438889012223
479,85.9249416149888
480,85.88602567090956
481,85.94119256149668
482,85.87280730799456
483,85.89478877058907
484,85.92592252654495
485,85.85541284864487
486,85.90192301293969
487,85.90432960696475
488,85.92919839889562
489,85.87379402605937
490,85.85936752562395
491,85.93446154379144
492,85.84586322548866
493,85.87356138625736
494,85.8205428079823
495,85.91976685817998
496,85.91124611423147
497,85.86815856311057
498,85.82076970688689
499,85.92013750916537
500,85.93632727503443
